                                                 [00m
                                                 [00m
                     [38;5;233m▄[38;5;23m▄[38;5;24m▄[48;5;234;38;5;31m▄[48;5;23m▄[48;5;32;38;5;32m▄[48;5;24;38;5;33m▄[48;5;234;38;5;33m▄[49;38;5;32m▄[38;5;23m▄[38;5;233m▄[39m                 [00m
               [38;5;16m▄[38;5;235m▄[38;5;24m▄[48;5;232;38;5;25m▄[48;5;236;38;5;31m▄[48;5;24m▄[48;5;31m▄[48;5;31m████[48;5;32;38;5;32m█[48;5;33;38;5;33m████[48;5;33m▄[48;5;25m▄[48;5;23m▄[48;5;232;38;5;32m▄[49;38;5;24m▄[38;5;235m▄[39m            [00m
          [38;5;232m▄[38;5;236m▄[38;5;24m▄[48;5;233;38;5;31m▄[48;5;23;38;5;31m▄[48;5;25m▄[48;5;31m██████████[48;5;32;38;5;32m█[48;5;33;38;5;33m██████████[48;5;32m▄[48;5;24m▄[48;5;233;38;5;33m▄[49;38;5;31m▄[38;5;23m▄[38;5;232m▄[39m      [00m
       [48;5;232;38;5;23m▄[48;5;235;38;5;31m▄[48;5;24;38;5;31m▄[48;5;25m▄[48;5;31m███████████████[48;5;32;38;5;32m█[48;5;33;38;5;33m███████████████[48;5;33m▄[48;5;25m▄[48;5;235;38;5;32m▄[48;5;16;38;5;235m▄[49;39m   [00m
        [38;5;235m▀[48;5;24;38;5;232m▄[48;5;31;38;5;23m▄[38;5;31m▄[38;5;31m██████████████[48;5;32;38;5;32m█[48;5;33;38;5;33m██████████████[38;5;32m▄[48;5;33;38;5;235m▄[49;38;5;24m▀[38;5;232m▀[39m    [00m
           [38;5;234m▀[48;5;24;38;5;16m▄[48;5;31;38;5;23m▄[38;5;25m▄[38;5;31m███████████[48;5;32;38;5;32m█[48;5;33;38;5;33m███████████[38;5;32m▄[48;5;33;38;5;234m▄[49;38;5;24m▀[38;5;232m▀[39m       [00m
              [38;5;233m▀[48;5;24;38;5;16m▄[48;5;31;38;5;236m▄[38;5;25m▄[38;5;31m████████[48;5;32;38;5;32m█[48;5;33;38;5;33m███████[38;5;33m▄[38;5;25m▄[48;5;32;38;5;233m▄[49;38;5;24m▀[38;5;16m▀[39m          [00m
               [38;5;234m▄[38;5;235m▄[38;5;233m▀[38;5;24m▀[48;5;31;38;5;235m▄[38;5;25m▄[38;5;31m█████[48;5;32;38;5;32m█[48;5;33;38;5;33m████[38;5;33m▄[38;5;25m▄[48;5;32;38;5;233m▄[49;38;5;23m▀[48;5;16;38;5;233m▄[49;38;5;23m▄[38;5;232m▄[39m           [00m
           [38;5;234m▄[38;5;24m▄[48;5;234;38;5;31m▄[48;5;24;38;5;31m▄[48;5;31m▄[48;5;31m█[48;5;24m▄[48;5;233;38;5;25m▄[49;38;5;236m▄[48;5;232;38;5;16m▄[49;38;5;24m▀[48;5;31;38;5;235m▄[48;5;31;38;5;25m▄[38;5;31m██[48;5;32;38;5;32m█[48;5;33;38;5;33m█[38;5;33m▄[38;5;24m▄[48;5;32;38;5;232m▄[49;38;5;23m▀[38;5;233m▄[38;5;31m▄[48;5;23;38;5;33m▄[48;5;32m▄[48;5;33m█[48;5;32m▄[48;5;24m▄[48;5;232;38;5;32m▄[49;38;5;24m▄[38;5;232m▄[39m       [00m
         [48;5;233;38;5;234m▄[48;5;24;38;5;25m▄[48;5;31;38;5;31m▄[48;5;31m████████[48;5;24m▄[48;5;233;38;5;25m▄[49;38;5;23m▄[48;5;232;38;5;16m▄[49;38;5;23m▀[48;5;31;38;5;234m▄[48;5;32;38;5;23m▄[48;5;32;38;5;232m▄[49;38;5;235m▀[38;5;234m▄[48;5;16;38;5;32m▄[48;5;24;38;5;33m▄[48;5;33m▄[48;5;33m████████[48;5;32m▄[48;5;24;38;5;25m▄[48;5;232;38;5;232m▄[49;39m     [00m
          [38;5;233m▀[48;5;24;38;5;232m▄[48;5;31;38;5;24m▄[38;5;31m██████████[48;5;24m▄[48;5;234;38;5;31m▄[49;38;5;23m▄[38;5;24m▄[48;5;232;38;5;32m▄[48;5;24;38;5;33m▄[48;5;33m▄[48;5;33m█████████[38;5;32m▄[48;5;33;38;5;236m▄[49;38;5;24m▀[39m       [00m
            [38;5;16m▀[38;5;23m▀[48;5;31;38;5;235m▄[48;5;31;38;5;25m▄[38;5;31m██████████[48;5;32;38;5;32m█[48;5;33;38;5;33m██████████[38;5;31m▄[48;5;32;38;5;232m▄[49;38;5;234m▀[39m         [00m
               [38;5;234m▀[48;5;25;38;5;233m▄[48;5;31;38;5;24m▄[38;5;31m████████[48;5;32;38;5;32m█[48;5;33;38;5;33m███████[38;5;33m▄[48;5;33;38;5;23m▄[49;38;5;24m▀[38;5;16m▀[39m           [00m
              [38;5;234m▄[48;5;16;38;5;24m▄[49;38;5;23m▄[48;5;232;38;5;16m▄[49;38;5;24m▀[48;5;31;38;5;23m▄[38;5;31m▄[38;5;31m█████[48;5;32;38;5;32m█[48;5;33;38;5;33m█████[38;5;32m▄[48;5;32;38;5;234m▄[49;38;5;236m▀[38;5;235m▄[38;5;23m▄[39m            [00m
           [38;5;234m▄[48;5;232;38;5;25m▄[48;5;23;38;5;31m▄[48;5;31m▄[48;5;31m██[48;5;24m▄[48;5;232;38;5;24m▄[49;38;5;233m▄[38;5;235m▀[48;5;25;38;5;234m▄[48;5;31;38;5;25m▄[38;5;31m███[48;5;32;38;5;32m█[48;5;33;38;5;33m██[38;5;33m▄[38;5;24m▄[48;5;25;38;5;16m▄[48;5;232;38;5;16m▄[49;38;5;24m▄[48;5;23;38;5;33m▄[48;5;33;38;5;33m▄[48;5;33m█[48;5;25m▄[48;5;233;38;5;32m▄[49;38;5;23m▄[38;5;16m▄[39m        [00m
           [38;5;232m▀[48;5;24;38;5;232m▄[48;5;31;38;5;24m▄[38;5;31m█████[48;5;25m▄[48;5;234;38;5;25m▄[49;38;5;236m▄[38;5;232m▀[48;5;24;38;5;232m▄[48;5;31;38;5;24m▄[38;5;31m█[48;5;32;38;5;32m█[48;5;33;38;5;32m▄[48;5;33;38;5;235m▄[49;38;5;23m▀[38;5;233m▄[48;5;232;38;5;32m▄[48;5;25;38;5;33m▄[48;5;33m█████[38;5;33m▄[48;5;33;38;5;23m▄[49;38;5;236m▀[39m        [00m
             [38;5;232m▀[48;5;24;38;5;232m▄[48;5;31;38;5;24m▄[38;5;31m██████[48;5;23m▄[48;5;16;38;5;24m▄[49;38;5;232m▄[38;5;23m▀[48;5;31;38;5;16m▄[49;38;5;234m▀[38;5;23m▄[48;5;235;38;5;33m▄[48;5;32;38;5;33m▄[48;5;33m█████[38;5;33m▄[48;5;33;38;5;23m▄[49;38;5;23m▀[39m          [00m
               [38;5;232m▀[48;5;24;38;5;232m▄[48;5;31;38;5;24m▄[38;5;31m██████[48;5;24m▄[48;5;234m▄[48;5;233;38;5;32m▄[48;5;24;38;5;33m▄[48;5;33m▄[48;5;33m█████[38;5;33m▄[48;5;33;38;5;23m▄[49;38;5;23m▀[39m            [00m
                 [38;5;232m▀[48;5;24m▄[48;5;31;38;5;24m▄[38;5;31m██████[48;5;32;38;5;32m█[48;5;33;38;5;33m█████[38;5;33m▄[48;5;33;38;5;23m▄[49;38;5;23m▀[39m              [00m
                   [38;5;232m▀[48;5;24;38;5;232m▄[48;5;31;38;5;24m▄[38;5;31m████[48;5;32;38;5;32m█[48;5;33;38;5;33m███[38;5;33m▄[48;5;33;38;5;23m▄[49;38;5;23m▀[39m                [00m
                     [38;5;232m▀[48;5;24;38;5;232m▄[48;5;31;38;5;24m▄[38;5;31m██[48;5;32;38;5;32m█[48;5;33;38;5;33m█[38;5;33m▄[48;5;33;38;5;23m▄[49;38;5;23m▀[39m                  [00m
                       [38;5;232m▀[48;5;24;38;5;16m▄[48;5;31;38;5;24m▄[48;5;32;38;5;32m▄[48;5;33;38;5;236m▄[49;38;5;236m▀[39m                    [00m
                                                 [00m
                                                 [00m
                                                 [00m
