                                                 [00m
                                                 [00m
                                                 [00m
                                                 [00m
     [48;5;239;38;5;239m▄[48;5;125;38;5;239m▄[48;5;125;38;5;125m▄[48;5;125;38;5;125m▄[48;5;52;38;5;125m▄[49;38;5;52m▄[39m                                [38;5;232m▄[48;5;232;38;5;88m▄[48;5;88;38;5;125m▄[48;5;125m█[38;5;131m▄[48;5;131;38;5;239m▄[49;39m[00m
     [48;5;239;38;5;239m██[48;5;239m▄[48;5;125;38;5;239m▄[48;5;125;38;5;125m▄[48;5;125;38;5;125m▄[48;5;52;38;5;125m▄[49;38;5;52m▄[39m                            [38;5;232m▄[48;5;232;38;5;88m▄[48;5;88;38;5;125m▄[48;5;125m█[38;5;131m▄[48;5;131;38;5;239m▄[48;5;239;38;5;239m▄[48;5;239m█[49;39m[00m
     [48;5;239;38;5;239m████[48;5;239m▄[48;5;125;38;5;239m▄[48;5;125;38;5;125m▄[48;5;125;38;5;125m▄[48;5;52;38;5;125m▄[49;38;5;52m▄[39m                        [38;5;232m▄[48;5;232;38;5;88m▄[48;5;88;38;5;125m▄[48;5;125m█[38;5;131m▄[48;5;131;38;5;239m▄[48;5;239;38;5;239m▄[48;5;239m███[49;39m[00m
     [48;5;239;38;5;239m██████[48;5;239m▄[48;5;125;38;5;239m▄[48;5;125;38;5;125m▄[48;5;125;38;5;125m▄[48;5;52;38;5;125m▄[49;38;5;52m▄[39m                    [38;5;16m▄[48;5;232;38;5;88m▄[48;5;88;38;5;125m▄[48;5;125m█[38;5;131m▄[48;5;131;38;5;239m▄[48;5;239;38;5;239m▄[48;5;239m█████[49;39m[00m
     [48;5;239;38;5;234m▄[48;5;239;38;5;239m▄[38;5;239m██████[48;5;239m▄[48;5;125;38;5;239m▄[48;5;125;38;5;125m▄[48;5;125;38;5;125m▄[48;5;52;38;5;125m▄[49;38;5;52m▄[39m                [38;5;16m▄[48;5;16;38;5;88m▄[48;5;88;38;5;125m▄[48;5;125m█[38;5;131m▄[48;5;131;38;5;239m▄[48;5;239;38;5;239m▄[48;5;239m██████[38;5;238m▄[49;39m[00m
      [38;5;234m▀[48;5;239;38;5;234m▄[48;5;239;38;5;239m▄[38;5;239m██████[48;5;239m▄[48;5;125;38;5;239m▄[48;5;125;38;5;125m▄[48;5;125;38;5;125m▄[48;5;52;38;5;125m▄[49;38;5;52m▄[39m            [38;5;16m▄[48;5;16;38;5;88m▄[48;5;88;38;5;125m▄[48;5;125m█[38;5;131m▄[48;5;131;38;5;239m▄[48;5;239;38;5;239m▄[48;5;239m██████[38;5;238m▄[48;5;238;38;5;232m▄[49;38;5;232m▀[39m[00m
        [38;5;234m▀[48;5;239;38;5;234m▄[48;5;239;38;5;239m▄[38;5;239m██████[48;5;239m▄[48;5;125;38;5;239m▄[48;5;125;38;5;125m▄[38;5;125m█[48;5;88m▄[49;38;5;88m▄[39m        [38;5;16m▄[48;5;16;38;5;88m▄[48;5;88;38;5;125m▄[48;5;125m█[38;5;131m▄[48;5;131;38;5;239m▄[48;5;239;38;5;239m▄[48;5;239m██████[38;5;238m▄[48;5;238;38;5;232m▄[49;38;5;232m▀[39m  [00m
          [38;5;234m▀[48;5;239;38;5;234m▄[48;5;239;38;5;239m▄[38;5;239m██████[48;5;239m▄[48;5;125;38;5;239m▄[48;5;125;38;5;125m▄[38;5;125m█[48;5;52m▄[49;38;5;52m▄[39m     [48;5;16;38;5;52m▄[48;5;52;38;5;125m▄[48;5;125m█[38;5;131m▄[48;5;131;38;5;239m▄[48;5;239;38;5;239m▄[48;5;239m██████[38;5;238m▄[48;5;238;38;5;233m▄[49;38;5;232m▀[39m    [00m
            [38;5;234m▀[48;5;239;38;5;234m▄[48;5;239;38;5;239m▄[38;5;239m██████[48;5;239m▄[48;5;125;38;5;239m▄[48;5;125;38;5;125m▄[38;5;125m█[48;5;52m▄[49;38;5;52m▄[38;5;16m▄[38;5;52m▄[48;5;52;38;5;125m▄[48;5;125m█[38;5;125m▄[48;5;131;38;5;239m▄[48;5;239;38;5;239m▄[48;5;239m██████[38;5;238m▄[48;5;238;38;5;233m▄[49;38;5;233m▀[39m      [00m
              [38;5;234m▀[48;5;239;38;5;234m▄[48;5;239;38;5;239m▄[38;5;239m██████[48;5;239m▄[48;5;131;38;5;239m▄[48;5;125;38;5;131m▄[38;5;125m█[48;5;124m▄[48;5;125m█[38;5;125m▄[48;5;125;38;5;239m▄[48;5;239;38;5;239m▄[48;5;239m██████[38;5;238m▄[48;5;238;38;5;233m▄[49;38;5;233m▀[39m        [00m
                [38;5;234m▀[48;5;238;38;5;233m▄[48;5;239;38;5;238m▄[38;5;239m██████[48;5;239;38;5;239m▄[48;5;125;38;5;125m███[48;5;239;38;5;239m▄[48;5;239;38;5;239m██████[38;5;238m▄[48;5;238;38;5;233m▄[49;38;5;233m▀[39m          [00m
                  [38;5;233m▀[48;5;238;38;5;233m▄[48;5;239;38;5;238m▄[38;5;239m████[48;5;239;38;5;239m█[48;5;125;38;5;125m███[48;5;239;38;5;239m█[48;5;239;38;5;239m████[38;5;238m▄[48;5;238;38;5;233m▄[49;38;5;233m▀[39m            [00m
      [48;5;236;38;5;239m▄▄[49;39m  [38;5;233m▄[48;5;233;38;5;238m▄[48;5;236;38;5;239m▄[48;5;235;38;5;52m▄[49;39m [48;5;235;38;5;237m▄[48;5;235;38;5;237m▄[49;39m [38;5;234m▄[48;5;233;38;5;125m▄[48;5;235m▄[48;5;239m▄[48;5;239m▄▄▄[48;5;239m▄[48;5;125m███[48;5;238;38;5;233m▄[49;38;5;238m▀▀▀[38;5;238m▀[38;5;233m▀[39m              [00m
      [48;5;239;38;5;239m█[38;5;239m▄[49;38;5;236m▄[48;5;233;38;5;238m▄[48;5;238;38;5;239m▄[48;5;239;38;5;52m▄[49;38;5;52m▀[39m  [48;5;237;38;5;237m█[48;5;237;38;5;237m█[49;39m [48;5;232;38;5;232m▄[48;5;88;38;5;234m▄[48;5;88;38;5;232m▄[49;38;5;88m▀[48;5;88;38;5;233m▄[38;5;235m▄[38;5;235m▄[38;5;235m▄[38;5;233m▄[49;38;5;88m▀[38;5;88m▀[48;5;232;38;5;16m▄[49;38;5;234m▄[38;5;235m▄[38;5;235m▄[38;5;235m▄[38;5;232m▄[39m   [38;5;232m▄[38;5;235m▄[38;5;236m▄[38;5;234m▄[38;5;16m▄[39m  [38;5;233m▄[38;5;234m▄[38;5;234m▄[38;5;234m▄[39m[00m
      [48;5;239;38;5;239m█[48;5;239;38;5;239m▄[48;5;239;38;5;95m▄[48;5;239;38;5;125m▄[48;5;52;38;5;232m▄[49;39m    [48;5;237;38;5;237m█[48;5;237;38;5;237m█[49;39m [48;5;233;38;5;233m█[48;5;239;38;5;239m█[48;5;234;38;5;234m█[49;39m [48;5;237;38;5;237m█[48;5;239;38;5;238m▄[49;38;5;238m▀[48;5;238;38;5;16m▄[48;5;239;38;5;237m▄[48;5;235;38;5;239m▄[49;38;5;232m▄[48;5;232;38;5;232m█[48;5;239;38;5;239m█[48;5;238;38;5;235m▄[49;38;5;238m▀[48;5;239;38;5;232m▄[48;5;238;38;5;238m▄[48;5;233;38;5;237m▄[49;39m [48;5;232;38;5;236m▄[48;5;238;38;5;239m▄[48;5;238;38;5;232m▄[49;38;5;237m▀[48;5;239;38;5;235m▄[48;5;236;38;5;239m▄[49;38;5;232m▄[48;5;233;38;5;233m▄[48;5;239;38;5;239m█[48;5;239;38;5;235m▄[49;38;5;239m▀[48;5;238;38;5;232m▄[49;39m[00m
      [48;5;239;38;5;239m██[48;5;236;38;5;232m▄[48;5;239;38;5;238m▄[48;5;88;38;5;239m▄[48;5;232;38;5;88m▄[49;38;5;16m▄[39m  [48;5;237;38;5;237m█[48;5;237;38;5;237m█[49;39m [48;5;233;38;5;233m█[48;5;239;38;5;239m█[48;5;234;38;5;234m█[49;39m [48;5;237;38;5;237m█[48;5;238;38;5;238m█[49;39m  [48;5;234;38;5;234m▄[48;5;239;38;5;239m█[48;5;234;38;5;234m▄[48;5;232;38;5;232m█[48;5;239;38;5;239m█[48;5;235;38;5;235m█[49;39m  [48;5;236;38;5;236m▄[48;5;239;38;5;239m▄[49;39m [48;5;238;38;5;237m▄[48;5;238;38;5;238m▄[48;5;237;38;5;234m▄▄[48;5;238m▄[48;5;239m▄[48;5;233;38;5;232m▄[48;5;233;38;5;233m█[48;5;239;38;5;239m█[48;5;234;38;5;234m█[49;39m  [00m
      [48;5;239;38;5;239m██[49;39m [38;5;232m▀[48;5;238m▄[48;5;239;38;5;238m▄[48;5;88;38;5;239m▄[48;5;16;38;5;52m▄[49;39m [48;5;237;38;5;237m█[48;5;237;38;5;237m█[49;39m [48;5;233;38;5;233m█[48;5;239;38;5;239m█[48;5;234;38;5;234m█[49;39m [48;5;237;38;5;237m█[48;5;238;38;5;239m▄[48;5;232;38;5;239m▄[48;5;16;38;5;239m▄[48;5;237;38;5;239m▄[48;5;239;38;5;235m▄[49;38;5;232m▀[48;5;232;38;5;232m█[48;5;239;38;5;239m█[48;5;236m▄[49;38;5;239m▄[48;5;232;38;5;239m▄[48;5;238;38;5;238m▄[48;5;237;38;5;233m▄[49;39m [48;5;236;38;5;232m▄[48;5;239;38;5;238m▄[48;5;234;38;5;239m▄[49;38;5;239m▄[48;5;16;38;5;239m▄[48;5;232;38;5;237m▄[49;39m [48;5;233;38;5;233m█[48;5;239;38;5;239m█[48;5;234;38;5;234m█[49;39m  [00m
      [38;5;234m▀▀[39m   [38;5;232m▀[38;5;234m▀[38;5;234m▀[39m [38;5;234m▀[38;5;234m▀[39m [38;5;232m▀[38;5;234m▀[38;5;232m▀[39m [48;5;237;38;5;237m█[48;5;238;38;5;238m▄[49;38;5;234m▀[38;5;234m▀[38;5;233m▀[39m  [48;5;232;38;5;232m█[48;5;239;38;5;239m█[48;5;236;38;5;235m▄[49;38;5;234m▀[38;5;234m▀[38;5;232m▀[39m   [38;5;16m▀[38;5;234m▀[38;5;234m▀[38;5;234m▀[38;5;233m▀[39m [38;5;232m▀[38;5;234m▀[38;5;233m▀[39m  [00m
                                                 [00m
                                                 [00m
                                                 [00m
                                                 [00m
                                                 [00m
