                                                    [00m
                                                    [00m
                                                    [00m
                                                    [00m
                      [38;5;234m▄[38;5;22m▄[48;5;16;38;5;34m▄[48;5;232;38;5;34m▄[48;5;233;38;5;34m▄[48;5;233;38;5;34m▄[48;5;233;38;5;34m▄[48;5;232;38;5;34m▄[49;38;5;28m▄[38;5;22m▄[38;5;232m▄[39m                   [00m
                  [38;5;22m▄[48;5;232;38;5;34m▄[48;5;22;38;5;77m▄[48;5;28;38;5;77m▄[48;5;34;38;5;77m▄[48;5;34;38;5;34m▄[48;5;40;38;5;34m▄[48;5;34;38;5;34m▄[48;5;34;38;5;34m▄[48;5;34;38;5;34m▄[48;5;34;38;5;34m█[48;5;34;38;5;34m▄[48;5;34;38;5;34m▄[48;5;34;38;5;40m▄[48;5;34;38;5;77m▄[48;5;22;38;5;77m▄[48;5;234;38;5;77m▄[48;5;16;38;5;34m▄[49;38;5;233m▄[39m               [00m
                [38;5;16m▄[48;5;22;38;5;34m▄[48;5;77;38;5;157m▄[48;5;194;38;5;231m▄[48;5;231m██[48;5;231m▄[48;5;151m▄[48;5;40;38;5;114m▄[48;5;34;38;5;40m▄[48;5;34;38;5;34m▄[48;5;34;38;5;34m▄[48;5;34;38;5;40m▄[48;5;34;38;5;40m▄[48;5;77;38;5;255m▄[48;5;255;38;5;231m▄[48;5;231m██[48;5;231m▄[48;5;114;38;5;231m▄[48;5;34;38;5;77m▄[48;5;232;38;5;22m▄[49;39m              [00m
                [48;5;233;38;5;233m▄[48;5;40;38;5;77m▄[48;5;231;38;5;231m▄[48;5;231m█[38;5;252m▄[38;5;102m▄[38;5;254m▄[38;5;231m█[48;5;194;38;5;194m▄[48;5;40;38;5;40m████[48;5;77;38;5;77m▄[48;5;231;38;5;231m██[38;5;145m▄[38;5;245m▄[38;5;255m▄[38;5;231m█[48;5;151;38;5;151m▄[48;5;28;38;5;28m▄[49;39m              [00m
     [38;5;232m▄[38;5;28m▄[48;5;233;38;5;40m▄[48;5;22m▄[48;5;28m▄[48;5;22m▄[48;5;22m▄[48;5;16;38;5;28m▄[49;38;5;233m▄[39m  [38;5;232m▀[48;5;34;38;5;22m▄[48;5;194;38;5;77m▄[48;5;255;38;5;254m▄[48;5;232;38;5;232m▄[48;5;16;38;5;240m▄[48;5;235;38;5;243m▄[48;5;231;38;5;194m▄[48;5;151;38;5;77m▄[48;5;40;38;5;40m████[48;5;77m▄[48;5;231;38;5;114m▄[48;5;250;38;5;145m▄[48;5;16;38;5;247m▄[38;5;232m▄[48;5;242;38;5;241m▄[48;5;231;38;5;157m▄[48;5;114;38;5;34m▄[48;5;22;38;5;232m▄[49;39m   [38;5;22m▄[48;5;232;38;5;34m▄[48;5;22;38;5;40m▄[48;5;28m▄[48;5;22m▄[48;5;22m▄[48;5;232;38;5;34m▄[49;38;5;22m▄[39m   [00m
    [48;5;232;38;5;28m▄[48;5;34;38;5;40m▄[48;5;40;38;5;34m▄[48;5;40;38;5;34m▄[48;5;34;38;5;34m▄[48;5;34m▄[48;5;40;38;5;34m▄[38;5;34m▄[38;5;40m█[48;5;34m▄[48;5;233;38;5;34m▄[49;38;5;232m▄[39m [38;5;16m▀[48;5;34;38;5;22m▄[48;5;77;38;5;34m▄[48;5;65;38;5;34m▄[48;5;65;38;5;34m▄[48;5;114;38;5;34m▄[48;5;76;38;5;34m▄[48;5;34;38;5;34m▄[48;5;40;38;5;40m▄[48;5;40m███[48;5;34;38;5;34m▄[48;5;40;38;5;34m▄[48;5;77;38;5;34m▄[48;5;114;38;5;34m▄[48;5;22;38;5;34m▄[48;5;77;38;5;34m▄[48;5;34;38;5;34m▄[48;5;22;38;5;232m▄[49;39m  [38;5;22m▄[48;5;22;38;5;40m▄[48;5;40m█[38;5;40m▄[38;5;34m▄[48;5;40;38;5;34m▄[48;5;34;38;5;34m▄[48;5;34m▄[48;5;40;38;5;34m▄[38;5;34m▄[48;5;22;38;5;40m▄[49;38;5;234m▄[39m [00m
   [48;5;233;38;5;22m▄[48;5;40;38;5;34m▄[48;5;34;38;5;28m▄[48;5;28;38;5;16m▄[49;38;5;233m▀[38;5;232m▀[38;5;22m▀[48;5;28;38;5;22m▄[48;5;34;38;5;34m█[48;5;34;38;5;34m▄[48;5;40;38;5;34m▄[38;5;40m█[48;5;28m▄[49;38;5;22m▄[39m [38;5;232m▀[48;5;28;38;5;22m▄[48;5;34;38;5;34m▄[48;5;34;38;5;34m▄[48;5;34;38;5;34m▄[48;5;34;38;5;40m▄[48;5;40;38;5;22m▄[38;5;234m▄[38;5;22m▄[38;5;22m▄[38;5;22m▄[38;5;233m▄[48;5;40;38;5;28m▄[48;5;34;38;5;40m▄[48;5;34;38;5;34m▄[48;5;40;38;5;34m▄[48;5;34;38;5;28m▄[48;5;22;38;5;232m▄[49;39m [38;5;16m▄[48;5;233;38;5;28m▄[48;5;34;38;5;40m▄[48;5;40m█[48;5;40;38;5;34m▄[48;5;34;38;5;34m▄[48;5;34;38;5;28m▄[48;5;28;38;5;233m▄[49;38;5;233m▀[38;5;232m▀[38;5;22m▀[48;5;28;38;5;233m▄[48;5;34;38;5;34m▄[48;5;28;38;5;40m▄[49;38;5;232m▄[39m[00m
   [48;5;22;38;5;22m▄[48;5;34;38;5;34m▄[48;5;234;38;5;16m▄[49;39m    [38;5;233m▀[48;5;34;38;5;28m▄[38;5;34m█[48;5;34m▄[48;5;40;38;5;34m▄[48;5;40;38;5;40m█[48;5;34m▄[48;5;232;38;5;34m▄[49;38;5;232m▄[38;5;16m▀[48;5;28;38;5;22m▄[48;5;34;38;5;34m▄[48;5;40;38;5;40m▄[48;5;40m█[48;5;22;38;5;34m▄[48;5;16;38;5;233m▄[38;5;124m▄[38;5;88m▄[38;5;88m▄[48;5;16;38;5;234m▄[48;5;34;38;5;40m▄[48;5;40m█[48;5;34;38;5;40m▄[48;5;34;38;5;34m▄[48;5;22;38;5;16m▄[49;38;5;16m▄[38;5;22m▄[48;5;22;38;5;34m▄[48;5;40;38;5;40m█[38;5;40m▄[48;5;34;38;5;34m▄[48;5;34;38;5;34m▄[48;5;34m█[48;5;28;38;5;234m▄[49;39m     [48;5;28;38;5;22m▄[48;5;34;38;5;34m▄[48;5;233;38;5;232m▄[49;39m[00m
   [38;5;233m▀[48;5;34;38;5;22m▄[49;38;5;16m▄[39m     [48;5;22;38;5;16m▄[48;5;34;38;5;28m▄[38;5;34m▄[48;5;34;38;5;34m▄[48;5;34;38;5;34m▄[48;5;40;38;5;34m▄[38;5;40m█[48;5;40m▄[48;5;34m▄[48;5;40m▄[48;5;40m███[38;5;34m▄[48;5;58;38;5;34m▄[48;5;160;38;5;124m▄[48;5;160;38;5;160m█[48;5;160;38;5;58m▄[48;5;28;38;5;40m▄[48;5;40;38;5;34m▄[38;5;40m███[48;5;34m▄[48;5;34m▄[48;5;40m█[38;5;40m▄[38;5;34m▄[48;5;34;38;5;34m▄[48;5;34;38;5;34m▄[38;5;34m▄[48;5;28;38;5;22m▄[49;38;5;16m▀[39m     [48;5;22;38;5;234m▄[48;5;28;38;5;232m▄[49;39m [00m
           [48;5;16;38;5;234m▄[48;5;28;38;5;40m▄[48;5;34;38;5;34m▄[48;5;34;38;5;34m▄[48;5;34;38;5;34m▄[48;5;34;38;5;34m▄[48;5;34;38;5;40m▄[48;5;34;38;5;34m▄[48;5;40;38;5;34m▄[48;5;40;38;5;40m▄[38;5;40m█[38;5;77m▄[48;5;40;38;5;151m▄[48;5;77;38;5;151m▄[48;5;114;38;5;151m▄[48;5;115;38;5;151m▄[48;5;145;38;5;151m▄[48;5;115;38;5;151m▄[48;5;114;38;5;151m▄[48;5;77;38;5;151m▄[48;5;40;38;5;151m▄[48;5;40;38;5;77m▄[38;5;40m█[38;5;34m▄[48;5;34;38;5;34m▄[48;5;34;38;5;34m▄[48;5;34;38;5;40m▄[48;5;34;38;5;34m▄[48;5;34;38;5;34m▄[48;5;34m▄[48;5;34;38;5;34m▄[48;5;234;38;5;34m▄[49;39m         [00m
           [48;5;22;38;5;22m▄[48;5;40;38;5;40m█[48;5;34m▄[48;5;34;38;5;34m▄[48;5;34;38;5;34m▄[48;5;34;38;5;34m▄[48;5;34;38;5;34m▄[48;5;40;38;5;34m▄[38;5;34m▄[38;5;77m▄[48;5;114;38;5;151m▄[48;5;151;38;5;114m▄[48;5;151;38;5;77m▄[48;5;151;38;5;114m▄[48;5;151;38;5;151m▄[48;5;151m▄[48;5;151m▄[48;5;151m▄[48;5;151;38;5;151m▄[48;5;151;38;5;77m▄[48;5;151;38;5;114m▄[48;5;151;38;5;151m▄[48;5;77;38;5;151m▄[48;5;40;38;5;77m▄[38;5;34m▄[38;5;34m▄[48;5;34;38;5;34m▄[48;5;34;38;5;34m▄[38;5;34m▄[48;5;34;38;5;40m▄[48;5;40;38;5;40m▄[48;5;40;38;5;40m▄[48;5;16;38;5;16m▄[49;39m        [00m
           [38;5;233m▀[48;5;34;38;5;22m▄[48;5;40;38;5;40m▄[38;5;40m████[48;5;40m▄[48;5;34m▄[48;5;77;38;5;40m▄[48;5;40;38;5;71m▄[48;5;40;38;5;108m▄[48;5;71;38;5;151m▄[48;5;151;38;5;151m▄[48;5;151m█████[48;5;114m▄[48;5;34;38;5;114m▄[48;5;40;38;5;70m▄[48;5;77;38;5;34m▄[48;5;77;38;5;40m▄[48;5;34m▄[48;5;40m▄[48;5;40m████[38;5;34m▄[48;5;28;38;5;232m▄[49;39m         [00m
            [38;5;232m▄[48;5;234;38;5;34m▄[48;5;34;38;5;40m▄[48;5;40m█[48;5;40;38;5;40m▄[48;5;71;38;5;40m▄[48;5;71m▄[48;5;71;38;5;40m▄[48;5;108;38;5;77m▄[48;5;109;38;5;77m▄[48;5;151;38;5;151m▄[48;5;151;38;5;151m███[38;5;151m▄[48;5;151;38;5;151m▄[48;5;151;38;5;151m████[48;5;151;38;5;114m▄[48;5;114;38;5;77m▄[48;5;71;38;5;77m▄[48;5;34;38;5;40m▄[48;5;34;38;5;40m▄[48;5;34m▄[48;5;40;38;5;40m▄[48;5;40m▄[48;5;28;38;5;40m▄[48;5;232;38;5;22m▄[49;39m          [00m
           [38;5;232m▄[48;5;28;38;5;40m▄[48;5;40m██[38;5;34m▄[38;5;34m▄[38;5;34m▄[38;5;34m▄[38;5;34m▄[38;5;70m▄[38;5;71m▄[48;5;40;38;5;77m▄[48;5;77;38;5;77m▄[48;5;115;38;5;114m▄[48;5;151;38;5;151m▄[48;5;151;38;5;151m▄[48;5;151m█[48;5;151;38;5;151m▄[48;5;151;38;5;114m▄[48;5;114;38;5;77m▄[48;5;77;38;5;77m▄[48;5;40;38;5;77m▄[38;5;71m▄[38;5;34m▄[38;5;34m▄[38;5;34m▄[38;5;34m▄[38;5;34m▄[38;5;40m▄[38;5;40m██[48;5;234;38;5;28m▄[49;39m         [00m
           [38;5;232m▀[48;5;34;38;5;22m▄[48;5;34;38;5;34m▄[48;5;34;38;5;34m▄[48;5;34;38;5;34m▄[38;5;34m▄[38;5;34m▄[48;5;34;38;5;40m▄[48;5;114;38;5;115m▄[48;5;115;38;5;151m▄[48;5;115;38;5;115m█[48;5;151;38;5;115m▄[48;5;151;38;5;151m▄[48;5;151;38;5;151m▄[48;5;151;38;5;151m▄[48;5;151;38;5;254m▄[48;5;252;38;5;255m▄[48;5;151;38;5;252m▄[48;5;151;38;5;151m▄[48;5;151;38;5;151m▄[48;5;151;38;5;151m▄[38;5;151m▄[38;5;151m█[48;5;151m▄[48;5;77;38;5;114m▄[48;5;34;38;5;40m▄[48;5;34;38;5;34m▄[38;5;34m▄[48;5;34;38;5;34m▄[48;5;34;38;5;34m▄[48;5;40;38;5;34m▄[48;5;28;38;5;233m▄[49;39m         [00m
            [38;5;16m▀[38;5;22m▀[38;5;34m▀[48;5;28;38;5;233m▄[48;5;34;38;5;34m▄[48;5;40;38;5;40m█[38;5;34m▄[48;5;77;38;5;34m▄[48;5;151;38;5;115m▄[48;5;115;38;5;151m▄[48;5;109;38;5;151m▄[48;5;151;38;5;188m▄[48;5;252;38;5;255m▄[48;5;255;38;5;255m▄[48;5;255m██[48;5;255m▄[48;5;254m▄[48;5;151;38;5;255m▄[48;5;151;38;5;253m▄[38;5;151m▄[48;5;151;38;5;151m▄[48;5;151;38;5;114m▄[48;5;77;38;5;34m▄[48;5;40;38;5;40m█[48;5;40m▄[48;5;28;38;5;28m▄[49;38;5;34m▀[38;5;28m▀[38;5;234m▀[39m          [00m
              [38;5;232m▄[48;5;28;38;5;40m▄[48;5;40;38;5;40m█[48;5;34;38;5;34m▄[48;5;34;38;5;34m▄[48;5;34;38;5;194m▄[48;5;114;38;5;231m▄[48;5;255;38;5;231m▄[48;5;255;38;5;255m▄[48;5;254;38;5;229m▄[48;5;189;38;5;186m▄[48;5;254;38;5;252m▄[48;5;255;38;5;152m▄[48;5;255;38;5;152m▄[48;5;255;38;5;152m▄[38;5;252m▄[48;5;255;38;5;186m▄[38;5;229m▄[38;5;255m▄[48;5;254;38;5;231m▄[48;5;71;38;5;231m▄[48;5;34;38;5;114m▄[48;5;34;38;5;34m▄[48;5;40;38;5;34m▄[38;5;40m█[48;5;234;38;5;28m▄[49;39m            [00m
              [48;5;233;38;5;232m▄[48;5;40;38;5;40m█[48;5;40;38;5;34m▄[48;5;34;38;5;34m█[48;5;114;38;5;114m▄[48;5;231;38;5;231m███[48;5;228;38;5;229m▄[48;5;221;38;5;221m▄[48;5;221;38;5;227m▄[38;5;227m▄[48;5;221;38;5;221m▄[48;5;221;38;5;221m▄[48;5;221;38;5;221m▄[48;5;221;38;5;227m▄[48;5;221;38;5;221m▄[48;5;221;38;5;221m▄[48;5;229;38;5;230m▄[48;5;231;38;5;231m██[48;5;231m▄[48;5;34;38;5;70m▄[48;5;34;38;5;34m▄[48;5;40;38;5;40m█[48;5;28;38;5;28m▄[49;39m            [00m
               [48;5;34;38;5;233m▄[48;5;40;38;5;34m▄[48;5;34;38;5;34m▄[48;5;71;38;5;34m▄[48;5;231;38;5;71m▄[48;5;231;38;5;71m▄[48;5;231;38;5;70m▄[48;5;185;38;5;34m▄[48;5;113;38;5;64m▄[48;5;221;38;5;178m▄[48;5;221;38;5;221m▄[48;5;185;38;5;227m▄[48;5;221m▄[48;5;221m▄[38;5;221m▄[48;5;185;38;5;142m▄[48;5;113;38;5;64m▄[48;5;229;38;5;34m▄[48;5;231;38;5;71m▄[38;5;71m▄[48;5;188;38;5;34m▄[48;5;34;38;5;34m▄[48;5;34;38;5;40m▄[48;5;40;38;5;28m▄[48;5;22;38;5;16m▄[49;39m            [00m
                [38;5;233m▀[38;5;28m▀[48;5;34;38;5;16m▄[48;5;40;38;5;16m▄[48;5;34;38;5;16m▄[49;38;5;28m▀[38;5;232m▀[39m  [38;5;16m▀[38;5;232m▀[38;5;233m▀[38;5;232m▀[39m   [38;5;22m▀[38;5;34m▀[48;5;40;38;5;16m▄[38;5;16m▄[49;38;5;34m▀[38;5;22m▀[38;5;16m▀[39m             [00m
                                                    [00m
                                                    [00m
                                                    [00m
