                                 [38;5;234m▄[38;5;58m▄[38;5;65m▄[38;5;65m▄[38;5;28m▄[38;5;70m▄[38;5;70m▄[38;5;113m▄[38;5;112m▄[38;5;112m▄[38;5;112m▄▄[38;5;113m▄[38;5;236m▄[39m[00m
              [38;5;65m▄[38;5;71m▄[38;5;58m▄[38;5;232m▄[39m          [38;5;65m▄[48;5;233;38;5;112m▄[48;5;65;38;5;112m▄[48;5;70;38;5;70m▄[48;5;112;38;5;65m▄[48;5;112;38;5;58m▄[48;5;112;38;5;70m▄[38;5;112m███████[38;5;113m▄[48;5;112;38;5;237m▄[49;38;5;65m▀[38;5;233m▀[39m [00m
              [38;5;58m▀[48;5;112;38;5;70m▄[38;5;112m█[48;5;113m▄[48;5;58;38;5;112m▄[49;38;5;64m▄[38;5;232m▄[39m    [38;5;235m▄[48;5;232;38;5;113m▄[48;5;70;38;5;106m▄[48;5;112;38;5;236m▄[48;5;64;38;5;232m▄[48;5;235;38;5;64m▄[48;5;234;38;5;112m▄[48;5;64;38;5;112m▄[48;5;112m▄[48;5;112m██████[38;5;71m▄[48;5;70;38;5;232m▄[49;38;5;234m▀[39m    [00m
               [38;5;58m▀[48;5;112;38;5;58m▄[48;5;112;38;5;112m▄[38;5;112m██[48;5;64;38;5;112m▄[49;38;5;235m▄[39m [38;5;232m▄[48;5;234;38;5;34m▄[48;5;113;38;5;65m▄[48;5;64;38;5;232m▄[48;5;232;38;5;64m▄[48;5;58;38;5;112m▄[48;5;113;38;5;112m▄[48;5;112m████████[38;5;64m▄[48;5;28;38;5;232m▄[49;38;5;232m▀[39m      [00m
                 [38;5;58m▀[48;5;112;38;5;235m▄[48;5;112;38;5;65m▄[38;5;70m▄[48;5;58;38;5;65m▄[49;39m [38;5;58m▀[48;5;65;38;5;16m▄[48;5;232;38;5;58m▄[48;5;64;38;5;112m▄[48;5;112;38;5;112m▄[48;5;112m███████[38;5;71m▄[48;5;112;38;5;236m▄[49;38;5;65m▀[38;5;232m▀[39m        [00m
                [38;5;58m▄[38;5;172m▄[48;5;232;38;5;214m▄[48;5;235;38;5;214m▄[48;5;234;38;5;214m▄[49;38;5;172m▄[38;5;234m▄[39m  [38;5;16m▀[38;5;236m▀[48;5;65;38;5;58m▄[48;5;64;38;5;94m▄[48;5;71;38;5;94m▄[48;5;106;38;5;236m▄[48;5;106;38;5;16m▄[49;38;5;28m▀[38;5;65m▀[38;5;235m▀[38;5;232m▀[39m           [00m
              [38;5;232m▄[48;5;58;38;5;215m▄[48;5;214;38;5;214m▄[48;5;214m█████[48;5;215m▄[48;5;94m▄[48;5;94m▄[48;5;94m▄[48;5;172m▄[48;5;214m████[48;5;172m▄[48;5;234;38;5;215m▄[49;38;5;233m▄[39m             [00m
        [38;5;58m▄[38;5;172m▄[38;5;214m▄[38;5;214m▄[38;5;214m▄[48;5;236;38;5;214m▄[48;5;172;38;5;214m▄[48;5;214m██████████████████[48;5;94;38;5;215m▄[49;38;5;236m▄[39m            [00m
      [38;5;94m▄[48;5;137;38;5;214m▄[48;5;214;38;5;214m▄[48;5;214m███████[38;5;214m▄[38;5;214m▄[38;5;214m▄[48;5;214;38;5;230m▄[48;5;221;38;5;231m▄[48;5;222m▄[48;5;223m▄[48;5;223m▄[48;5;222m▄[48;5;222m▄[48;5;214;38;5;231m▄[48;5;214;38;5;222m▄[38;5;214m██████[48;5;215m▄[48;5;94m▄[48;5;236m▄[48;5;236m▄[48;5;232;38;5;215m▄[49;38;5;94m▄[38;5;232m▄[39m      [00m
      [48;5;172;38;5;214m▄[48;5;214;38;5;214m█████[38;5;214m▄[48;5;214;38;5;255m▄[48;5;222;38;5;231m▄[48;5;231m▄[48;5;231m█[48;5;231m▄[48;5;214;38;5;222m▄[48;5;231;38;5;230m▄[48;5;231;38;5;231m███████[48;5;231;38;5;223m▄[48;5;214;38;5;222m▄[48;5;223;38;5;231m▄[48;5;223m▄[48;5;221m▄[48;5;214;38;5;230m▄[38;5;214m▄[38;5;214m██████[48;5;137;38;5;214m▄[49;38;5;237m▄[39m     [00m
     [48;5;234;38;5;94m▄[48;5;214;38;5;214m▄[48;5;214m███[38;5;214m▄[48;5;222;38;5;231m▄[48;5;231;38;5;231m▄[48;5;231m█████[48;5;223;38;5;231m▄[48;5;222;38;5;214m▄[48;5;231;38;5;231m██████[38;5;231m▄[48;5;178;38;5;214m▄[48;5;230;38;5;231m▄[48;5;231m████[48;5;231m▄[48;5;221;38;5;231m▄[48;5;214;38;5;214m▄[38;5;214m█████[48;5;137;38;5;172m▄[49;39m     [00m
  [38;5;233m▄[38;5;137m▄[48;5;234;38;5;214m▄[48;5;215;38;5;214m▄[48;5;214m████[48;5;223;38;5;222m▄[48;5;231;38;5;231m████████[48;5;214;38;5;222m▄[48;5;255;38;5;222m▄[48;5;231;38;5;231m█████[48;5;222;38;5;214m▄[48;5;222;38;5;255m▄[48;5;231;38;5;231m███████[48;5;231m▄[48;5;214;38;5;214m▄[48;5;214;38;5;214m████[48;5;136;38;5;136m▄[49;39m     [00m
 [48;5;234;38;5;172m▄[48;5;215;38;5;214m▄[48;5;214m████[38;5;221m▄[48;5;221;38;5;231m▄[48;5;230m▄[48;5;222m▄[48;5;221;38;5;223m▄[48;5;231;38;5;214m▄[48;5;231;38;5;230m▄[38;5;231m█████[48;5;230;38;5;231m▄[48;5;214;38;5;214m▄[48;5;231;38;5;231m▄[38;5;231m▄[38;5;231m▄[38;5;231m█[48;5;230;38;5;222m▄[48;5;214;38;5;223m▄[48;5;231;38;5;231m██████[38;5;231m▄[38;5;222m▄[48;5;230;38;5;214m▄[48;5;214;38;5;255m▄[48;5;214;38;5;223m▄[38;5;214m▄[38;5;214m██[48;5;214m▄[48;5;235;38;5;172m▄[49;38;5;233m▄[39m   [00m
[48;5;234;38;5;94m▄[48;5;214;38;5;214m▄[48;5;214m████[48;5;214;38;5;222m▄[48;5;231;38;5;231m▄[48;5;231m████[48;5;230m▄[48;5;214;38;5;231m▄[48;5;223;38;5;214m▄[48;5;231;38;5;222m▄[38;5;231m▄[38;5;231m▄[48;5;231;38;5;223m▄[38;5;223m▄[48;5;222;38;5;223m▄[48;5;223;38;5;222m▄[48;5;223;38;5;230m▄[48;5;223;38;5;223m▄[48;5;231;38;5;223m▄[48;5;214;38;5;221m▄[48;5;231;38;5;255m▄[48;5;231;38;5;223m▄[38;5;231m▄[38;5;231m█[38;5;231m▄[38;5;222m▄[48;5;230;38;5;214m▄[48;5;214;38;5;230m▄[48;5;222;38;5;231m▄[48;5;231m███[48;5;223m▄[48;5;214;38;5;214m▄[38;5;214m███[48;5;215m▄[48;5;58;38;5;215m▄[49;38;5;235m▄[39m [00m
[48;5;94;38;5;234m▄[48;5;214;38;5;214m▄[38;5;214m████[48;5;223;38;5;231m▄[48;5;231;38;5;231m███████[48;5;231m▄[48;5;222m▄[48;5;214;38;5;223m▄[48;5;255;38;5;214m▄[48;5;223;38;5;223m▄[48;5;223;38;5;223m▄[48;5;255;38;5;230m▄[48;5;214;38;5;214m▄[48;5;255;38;5;230m▄[48;5;223;38;5;230m▄[48;5;222;38;5;214m▄[48;5;223;38;5;255m▄[48;5;223;38;5;223m▄[48;5;223;38;5;255m▄[48;5;231;38;5;222m▄[48;5;230;38;5;214m▄[48;5;214;38;5;230m▄[48;5;222;38;5;231m▄[48;5;231m▄[48;5;231m██████[48;5;223;38;5;255m▄[48;5;214;38;5;214m█████[48;5;137;38;5;172m▄[49;39m [00m
 [48;5;137;38;5;58m▄[48;5;214;38;5;214m███[48;5;214;38;5;214m▄[48;5;231;38;5;231m▄[38;5;231m████████[48;5;231;38;5;223m▄[48;5;230;38;5;223m▄[48;5;230;38;5;223m▄[48;5;214;38;5;230m▄[48;5;222;38;5;221m▄[48;5;255;38;5;214m▄[48;5;222;38;5;223m▄[48;5;222;38;5;214m▄[48;5;223;38;5;214m▄[48;5;222;38;5;223m▄[48;5;230;38;5;222m▄[48;5;223;38;5;214m▄[48;5;214;38;5;223m▄[48;5;222;38;5;230m▄[48;5;231;38;5;223m▄[48;5;231;38;5;223m▄[48;5;231;38;5;231m█████████[48;5;214;38;5;214m▄[48;5;214;38;5;214m████[48;5;215;38;5;172m▄[48;5;233;38;5;232m▄[49;39m[00m
 [48;5;236;38;5;94m▄[48;5;214;38;5;214m████[48;5;222;38;5;214m▄[48;5;230;38;5;178m▄[48;5;230;38;5;214m▄[48;5;231m▄[48;5;231m▄▄[38;5;214m▄[38;5;214m▄[38;5;214m▄[48;5;231;38;5;214m▄[48;5;255;38;5;214m▄[48;5;230;38;5;214m▄[48;5;230;38;5;214m▄[48;5;231;38;5;214m▄[48;5;222;38;5;214m▄[48;5;214;38;5;214m▄[48;5;214;38;5;214m██[48;5;214;38;5;214m▄[48;5;222;38;5;222m▄[48;5;255;38;5;222m▄[48;5;223;38;5;222m▄[48;5;223m▄▄[48;5;230;38;5;222m▄[48;5;231;38;5;222m▄[38;5;223m▄[38;5;223m▄[38;5;223m▄▄▄▄[38;5;230m▄[48;5;231;38;5;222m▄[48;5;214;38;5;214m▄[48;5;214m███[38;5;136m▄[48;5;95;38;5;232m▄[49;39m [00m
[48;5;234;38;5;136m▄[48;5;215;38;5;214m▄[48;5;214m███[48;5;214;38;5;214m▄[48;5;231;38;5;231m▄[48;5;231m████████[48;5;231;38;5;223m▄[48;5;255;38;5;223m▄[48;5;255;38;5;223m▄[48;5;230;38;5;230m▄[38;5;222m▄[48;5;223;38;5;214m▄[48;5;214;38;5;222m▄[48;5;214;38;5;214m▄[38;5;214m▄[48;5;214;38;5;222m▄[48;5;223;38;5;214m▄[48;5;223;38;5;230m▄[48;5;223;38;5;223m▄[48;5;222;38;5;223m▄[48;5;222;38;5;223m▄[48;5;222;38;5;255m▄[38;5;231m▄▄[48;5;222m▄[48;5;222m▄[48;5;222m▄[48;5;222m▄[48;5;221m▄[48;5;214m▄[48;5;214;38;5;223m▄[48;5;214;38;5;214m████[48;5;238;38;5;236m▄[49;39m  [00m
[48;5;214;38;5;214m▄[48;5;214;38;5;214m████[48;5;214;38;5;214m▄[48;5;231;38;5;231m█████████[48;5;230;38;5;231m▄[48;5;230;38;5;222m▄[48;5;230;38;5;214m▄[48;5;214;38;5;223m▄[48;5;221;38;5;230m▄[48;5;255;38;5;230m▄[48;5;222;38;5;214m▄[48;5;222;38;5;230m▄[48;5;214;38;5;222m▄[48;5;230;38;5;222m▄[48;5;223;38;5;223m▄[48;5;214;38;5;230m▄[48;5;223;38;5;214m▄[48;5;230;38;5;222m▄[48;5;223;38;5;231m▄[48;5;230;38;5;231m▄[48;5;231;38;5;231m████████[48;5;231;38;5;231m▄[48;5;214;38;5;214m████[48;5;238;38;5;172m▄[49;38;5;232m▄[39m [00m
[48;5;172;38;5;94m▄[48;5;214;38;5;214m█████[48;5;255;38;5;222m▄[48;5;231;38;5;231m██████[38;5;223m▄[48;5;255;38;5;214m▄[48;5;214;38;5;223m▄[48;5;221;38;5;231m▄[48;5;231;38;5;230m▄[48;5;223;38;5;223m▄[48;5;223;38;5;230m▄[48;5;223;38;5;222m▄[48;5;214;38;5;223m▄[48;5;223;38;5;223m▄[48;5;230;38;5;255m▄[48;5;214;38;5;214m▄[48;5;230;38;5;255m▄[48;5;223;38;5;223m▄[48;5;255;38;5;223m▄[48;5;221;38;5;231m▄[48;5;178;38;5;222m▄[48;5;231;38;5;214m▄[48;5;231;38;5;230m▄[38;5;231m███████[48;5;223;38;5;222m▄[48;5;214;38;5;214m█████[48;5;235;38;5;237m▄[49;39m [00m
[38;5;233m▀[48;5;172;38;5;233m▄[48;5;214;38;5;137m▄[38;5;214m███[48;5;214m▄[48;5;231;38;5;222m▄[48;5;231;38;5;231m██[38;5;223m▄[48;5;231;38;5;214m▄[48;5;178;38;5;223m▄[48;5;221;38;5;231m▄[48;5;231m▄[48;5;231m██[48;5;231m▄[48;5;255m▄[48;5;231;38;5;223m▄[48;5;214;38;5;222m▄[48;5;231;38;5;231m▄[48;5;223;38;5;223m▄[48;5;230;38;5;230m▄[48;5;222;38;5;223m▄[48;5;223;38;5;222m▄[48;5;230;38;5;231m▄[48;5;255m▄[48;5;231m██[48;5;230m▄[48;5;214;38;5;231m▄[48;5;223;38;5;214m▄[48;5;231;38;5;222m▄[38;5;231m▄[38;5;231m███[48;5;231;38;5;222m▄[48;5;214;38;5;214m▄[48;5;214m████[38;5;215m▄[48;5;237;38;5;233m▄[49;39m [00m
   [48;5;94;38;5;232m▄[48;5;214;38;5;215m▄[38;5;214m███[48;5;214m▄[48;5;221;38;5;178m▄[48;5;221;38;5;231m▄[48;5;231m▄[48;5;231m██████[38;5;231m▄[48;5;221;38;5;214m▄[48;5;230;38;5;231m▄[48;5;231;38;5;231m███[48;5;231m▄[48;5;214;38;5;178m▄[48;5;231;38;5;230m▄[48;5;231;38;5;231m█████[48;5;231m▄[48;5;222m▄[48;5;214;38;5;223m▄[48;5;231;38;5;214m▄[48;5;231;38;5;221m▄[48;5;230;38;5;214m▄[48;5;214m▄[48;5;214m███[38;5;214m▄[38;5;137m▄[48;5;95;38;5;232m▄[49;39m  [00m
    [48;5;173;38;5;173m▄[48;5;214;38;5;214m████[48;5;214m▄[48;5;231;38;5;230m▄[38;5;231m███████[48;5;222;38;5;214m▄[48;5;222;38;5;230m▄[48;5;231;38;5;231m█████[48;5;222;38;5;255m▄[48;5;222;38;5;214m▄[48;5;231;38;5;231m████████[48;5;222;38;5;221m▄[48;5;214;38;5;214m████[38;5;136m▄[48;5;136;38;5;232m▄[49;38;5;236m▀[38;5;16m▀[39m   [00m
    [48;5;172;38;5;137m▄[48;5;214;38;5;214m█████[48;5;214m▄[48;5;230;38;5;214m▄[48;5;231;38;5;230m▄[38;5;231m████[48;5;255;38;5;222m▄[48;5;214;38;5;223m▄[48;5;231;38;5;231m███████[48;5;214;38;5;222m▄[48;5;231;38;5;223m▄[48;5;231;38;5;231m█████[38;5;223m▄[48;5;223;38;5;214m▄[48;5;214;38;5;214m█████[48;5;236;38;5;233m▄[49;39m      [00m
    [38;5;234m▀[48;5;215;38;5;236m▄[48;5;214;38;5;215m▄[38;5;214m██████[48;5;222m▄[48;5;231m▄[48;5;231;38;5;214m▄[38;5;214m▄[48;5;214;38;5;214m▄[48;5;231;38;5;231m▄[48;5;231;38;5;231m███████[48;5;230;38;5;231m▄[48;5;222;38;5;214m▄[48;5;231;38;5;222m▄[38;5;223m▄[38;5;222m▄[48;5;231;38;5;214m▄[48;5;222;38;5;214m▄[48;5;214m██████[48;5;215;38;5;137m▄[49;38;5;233m▀[39m      [00m
      [38;5;234m▀[38;5;137m▀[38;5;172m▀[38;5;172m▀[48;5;214;38;5;235m▄[48;5;214;38;5;172m▄[38;5;214m██████[48;5;214m▄[48;5;223m▄[48;5;231;38;5;214m▄[48;5;231;38;5;214m▄[38;5;214m▄[38;5;214m▄[38;5;214m▄[48;5;230;38;5;214m▄[48;5;214m▄[48;5;214m██████████[38;5;172m▄[48;5;215;38;5;237m▄[49;38;5;236m▀[39m       [00m
           [38;5;232m▀[48;5;172;38;5;58m▄[48;5;214;38;5;214m██████████████████[38;5;95m▄[48;5;172;38;5;232m▄[49;38;5;137m▀[38;5;94m▀[38;5;94m▀[38;5;95m▀[38;5;233m▀[39m         [00m
            [38;5;16m▀[48;5;137;38;5;232m▄[48;5;214;38;5;95m▄[38;5;172m▄[38;5;214m██[38;5;215m▄[38;5;95m▄[48;5;214;38;5;234m▄[38;5;233m▄[48;5;214;38;5;235m▄[38;5;136m▄[38;5;214m█████[38;5;172m▄[48;5;137;38;5;234m▄[49;38;5;232m▀[39m               [00m
               [38;5;16m▀[38;5;233m▀[38;5;235m▀[38;5;232m▀[39m    [38;5;16m▀[38;5;58m▀[38;5;136m▀[38;5;172m▀[38;5;137m▀[38;5;239m▀[38;5;232m▀[39m                 [00m
