       [38;5;58m▄[48;5;235;38;5;106m▄[48;5;64;38;5;113m▄[48;5;106m▄[48;5;106m▄[48;5;65m▄[48;5;234;38;5;106m▄[49;38;5;233m▄[39m                     [38;5;232m▄[48;5;232;38;5;28m▄[48;5;65;38;5;113m▄[48;5;106m▄[48;5;113m▄[48;5;28m▄[48;5;58;38;5;113m▄[49;38;5;58m▄[39m       [00m
     [38;5;58m▄[48;5;58;38;5;106m▄[48;5;106;38;5;113m▄[48;5;113m██████[48;5;28m▄[48;5;232;38;5;65m▄[49;39m                   [38;5;58m▄[48;5;65;38;5;113m▄[48;5;113m██████[48;5;113m▄[48;5;58;38;5;113m▄[49;38;5;58m▄[39m     [00m
   [38;5;58m▄[48;5;58;38;5;106m▄[48;5;106;38;5;113m▄[48;5;113m██████████[48;5;58;38;5;106m▄[49;38;5;235m▄[39m               [38;5;233m▄[48;5;235;38;5;107m▄[48;5;106;38;5;113m▄[48;5;113m█████████[48;5;113m▄[48;5;58;38;5;113m▄[49;38;5;58m▄[39m   [00m
 [38;5;58m▄[48;5;58;38;5;106m▄[48;5;106;38;5;113m▄[48;5;113m█████████████[48;5;107m▄[48;5;233;38;5;28m▄[49;38;5;232m▄[39m            [48;5;232;38;5;65m▄[48;5;28;38;5;113m▄[48;5;113m█████████████[48;5;113m▄[48;5;58;38;5;113m▄[49;38;5;58m▄[39m [00m
[48;5;58;38;5;65m▄[48;5;106;38;5;113m▄[48;5;113m█████████████████[48;5;65;38;5;113m▄[49;38;5;58m▄[39m         [38;5;235m▄[48;5;58;38;5;106m▄[48;5;113;38;5;113m▄[48;5;113m████████████████[48;5;113m▄[48;5;58;38;5;28m▄[49;39m[00m
 [38;5;58m▀[48;5;106;38;5;235m▄[48;5;113;38;5;107m▄[38;5;113m████████████████[48;5;106m▄[48;5;235;38;5;107m▄[49;38;5;233m▄[39m     [38;5;16m▄[48;5;233;38;5;64m▄[48;5;107;38;5;113m▄[48;5;113m████████████████[38;5;106m▄[48;5;113;38;5;58m▄[49;38;5;65m▀[38;5;232m▀[39m[00m
   [38;5;233m▀[48;5;28;38;5;232m▄[48;5;113;38;5;65m▄[38;5;113m▄[38;5;113m███████████████[48;5;64m▄[48;5;16;38;5;65m▄[49;39m   [38;5;58m▄[48;5;65;38;5;113m▄[48;5;113;38;5;113m████████████████[38;5;64m▄[48;5;107;38;5;233m▄[49;38;5;235m▀[39m   [00m
      [38;5;58m▀[48;5;106;38;5;235m▄[48;5;113;38;5;107m▄[38;5;113m██████████████[48;5;113m▄[48;5;58;38;5;106m▄[49;38;5;236m▄[48;5;234;38;5;107m▄[48;5;106;38;5;113m▄[48;5;113m██████████████[38;5;106m▄[48;5;113;38;5;58m▄[49;38;5;65m▀[38;5;16m▀[39m     [00m
        [38;5;233m▀[48;5;64;38;5;16m▄[48;5;113;38;5;65m▄[38;5;113m▄[38;5;113m███████████[38;5;106m▄[48;5;106;38;5;58m▄[49;38;5;58m▀[48;5;107;38;5;234m▄[48;5;113;38;5;107m▄[38;5;113m████████████[38;5;64m▄[48;5;107;38;5;232m▄[49;38;5;234m▀[39m        [00m
           [38;5;58m▀[48;5;106;38;5;234m▄[48;5;113;38;5;107m▄[38;5;113m███████[38;5;106m▄[48;5;106;38;5;58m▄[49m▀[39m   [38;5;234m▀[48;5;107m▄[48;5;113;38;5;107m▄[38;5;113m███████[38;5;106m▄[48;5;113;38;5;58m▄[49;38;5;58m▀[38;5;16m▀[39m          [00m
             [38;5;232m▀[48;5;64;38;5;16m▄[48;5;113;38;5;58m▄[38;5;113m▄[38;5;113m██[38;5;106m▄[48;5;106;38;5;58m▄[49m▀[39m       [38;5;234m▀[48;5;107m▄[48;5;113;38;5;107m▄[38;5;113m███[38;5;65m▄[48;5;71;38;5;232m▄[49;38;5;234m▀[39m             [00m
                [38;5;58m▀[48;5;106;38;5;235m▄[48;5;106;38;5;58m▄[49;38;5;58m▀[39m           [38;5;234m▀[48;5;107;38;5;235m▄[48;5;113;38;5;58m▄[49;38;5;58m▀[39m                [00m
               [38;5;58m▄[48;5;235;38;5;106m▄[48;5;107;38;5;113m▄[48;5;106m▄[48;5;234;38;5;106m▄[49;38;5;234m▄[39m         [38;5;233m▄[48;5;233;38;5;71m▄[48;5;71;38;5;113m▄[48;5;106m▄[48;5;58;38;5;113m▄[49;38;5;58m▄[38;5;16m▄[39m              [00m
            [38;5;233m▄[48;5;16;38;5;64m▄[48;5;65;38;5;113m▄[48;5;113m▄[48;5;113m████[48;5;106m▄[48;5;234;38;5;106m▄[49;38;5;234m▄[39m     [38;5;233m▄[48;5;233;38;5;71m▄[48;5;71;38;5;113m▄[48;5;113m█████[48;5;64m▄[48;5;232;38;5;107m▄[49;38;5;235m▄[39m            [00m
          [38;5;58m▄[48;5;235;38;5;106m▄[48;5;107;38;5;113m▄[48;5;113m█████████[48;5;106m▄[48;5;234;38;5;106m▄[49;38;5;234m▄[39m [38;5;233m▄[48;5;233;38;5;71m▄[48;5;71;38;5;113m▄[48;5;113m█████████[48;5;106m▄[48;5;58;38;5;113m▄[49;38;5;65m▄[38;5;16m▄[39m         [00m
       [38;5;233m▄[48;5;232;38;5;28m▄[48;5;65;38;5;113m▄[48;5;113m▄[48;5;113m█████████████[48;5;106;38;5;113m▄[48;5;58;38;5;58m▄[48;5;71;38;5;106m▄[48;5;113;38;5;113m██████████████[48;5;64m▄[48;5;233;38;5;107m▄[49;38;5;235m▄[39m       [00m
     [38;5;58m▄[48;5;236;38;5;113m▄[48;5;106;38;5;113m▄[48;5;113m███████████████[38;5;65m▄[49;38;5;58m▀[39m [38;5;58m▀[48;5;106;38;5;58m▄[48;5;113;38;5;113m███████████████[48;5;106m▄[48;5;58;38;5;113m▄[49;38;5;65m▄[38;5;232m▄[39m    [00m
  [38;5;234m▄[48;5;232;38;5;71m▄[48;5;65;38;5;113m▄[48;5;113m████████████████[38;5;106m▄[48;5;71;38;5;234m▄[49;38;5;232m▀[39m    [48;5;64;38;5;232m▄[48;5;113;38;5;71m▄[38;5;113m████████████████[48;5;28m▄[48;5;233;38;5;106m▄[49;38;5;236m▄[39m  [00m
[38;5;58m▄[48;5;58;38;5;113m▄[48;5;106;38;5;113m▄[48;5;113m█████████████████[48;5;113;38;5;58m▄[49;38;5;58m▀[39m       [38;5;234m▀[48;5;106;38;5;58m▄[48;5;113;38;5;113m▄[38;5;113m████████████████[48;5;106m▄[48;5;58m▄[49;38;5;65m▄[39m[00m
[38;5;58m▀[48;5;113;38;5;58m▄[48;5;113;38;5;113m▄[38;5;113m███████████████[38;5;107m▄[48;5;64;38;5;232m▄[49;38;5;16m▀[39m          [48;5;58;38;5;16m▄[48;5;113;38;5;64m▄[38;5;113m████████████████[38;5;65m▄[48;5;65;38;5;16m▄[49;39m[00m
  [38;5;58m▀[48;5;113;38;5;58m▄[48;5;113;38;5;113m▄[38;5;113m███████████[38;5;113m▄[48;5;106;38;5;58m▄[49;38;5;234m▀[39m             [38;5;232m▀[48;5;107;38;5;234m▄[48;5;113;38;5;106m▄[38;5;113m████████████[38;5;65m▄[48;5;65;38;5;16m▄[49m▀[39m [00m
    [38;5;58m▀[48;5;113m▄[48;5;113;38;5;113m▄[38;5;113m████████[38;5;64m▄[48;5;65;38;5;16m▄[49;39m                 [38;5;58m▀[48;5;113;38;5;65m▄[48;5;113;38;5;113m█████████[38;5;65m▄[48;5;65;38;5;16m▄[49m▀[39m   [00m
      [38;5;58m▀[48;5;113;38;5;58m▄[48;5;113;38;5;113m▄[38;5;113m████[38;5;106m▄[48;5;107;38;5;235m▄[49;38;5;233m▀[39m                   [38;5;16m▀[48;5;64;38;5;233m▄[48;5;113;38;5;107m▄[38;5;113m█████[38;5;65m▄[48;5;65;38;5;16m▄[49m▀[39m     [00m
        [38;5;58m▀[38;5;107m▀[38;5;113m▀[38;5;113m▀[38;5;71m▀[38;5;235m▀[39m                       [38;5;233m▀[38;5;64m▀[38;5;113m▀[38;5;113m▀[38;5;106m▀[38;5;58m▀[38;5;16m▀[39m       [00m
