                                                 [00m
                                                 [00m
                                                 [00m
  [48;5;234;38;5;233m▄[48;5;234;38;5;255m▄[49;38;5;247m▄[38;5;236m▄[39m                                           [00m
   [48;5;247;38;5;237m▄[48;5;231;38;5;231m▄[48;5;231;38;5;231m▄[48;5;250m▄[48;5;238m▄[49;38;5;252m▄[38;5;59m▄[38;5;232m▄[39m                                      [00m
    [48;5;252;38;5;241m▄[48;5;231;38;5;231m█[48;5;245;38;5;249m▄[49;38;5;250m▀[48;5;231;38;5;236m▄[48;5;231;38;5;145m▄[48;5;254;38;5;231m▄[48;5;250m▄▄▄▄▄▄▄▄▄▄▄▄▄▄[48;5;247;38;5;252m▄[49;39m  [48;5;64;38;5;82m▄[49;38;5;28m▄[38;5;16m▄[39m                  [00m
    [38;5;232m▀[48;5;255;38;5;246m▄[48;5;231;38;5;231m▄[48;5;234;38;5;244m▄[48;5;232;38;5;249m▄[48;5;252;38;5;231m▄[48;5;231m███████████████[48;5;252;38;5;252m█[49;39m  [48;5;82;38;5;82m█[48;5;82;38;5;82m█[48;5;34m▄[48;5;232;38;5;28m▄[49;39m                 [00m
     [38;5;235m▀[48;5;231;38;5;250m▄[48;5;231;38;5;231m▄[48;5;231m█████████████████[48;5;252;38;5;252m█[49;39m  [48;5;82;38;5;82m█[48;5;82;38;5;82m██[48;5;82m▄[48;5;233;38;5;22m▄[49;39m                [00m
      [48;5;240;38;5;232m▄[48;5;231;38;5;254m▄[38;5;231m█████████████████[48;5;252;38;5;252m█[49;39m  [48;5;82;38;5;82m█[48;5;82;38;5;82m███[48;5;64;38;5;64m▄[49;39m  [48;5;22;38;5;28m▄[49;38;5;70m▄[38;5;232m▄[39m           [00m
       [48;5;102;38;5;234m▄[48;5;231;38;5;231m▄[38;5;231m████████████████[48;5;252;38;5;252m█[49;39m  [48;5;82;38;5;82m█[48;5;82;38;5;82m███[48;5;64;38;5;64m█[49;39m  [48;5;28;38;5;28m█[48;5;82;38;5;82m█[48;5;77m▄[48;5;233;38;5;76m▄[49;38;5;232m▄[39m         [00m
        [48;5;249;38;5;238m▄[48;5;231;38;5;231m██████[38;5;231m▄[38;5;231m█████████[48;5;252;38;5;252m█[49;39m  [48;5;82;38;5;82m█[48;5;82;38;5;82m███[48;5;64;38;5;64m█[49;39m  [48;5;28;38;5;28m█[48;5;82;38;5;82m███[48;5;28;38;5;83m▄[49;38;5;232m▄[39m        [00m
         [48;5;253;38;5;243m▄[48;5;231;38;5;231m████[48;5;255;38;5;249m▄[49;38;5;238m▀[48;5;255;38;5;243m▄[48;5;231;38;5;231m████████[48;5;252;38;5;252m█[49;39m  [48;5;82;38;5;82m█[48;5;82;38;5;82m███[48;5;64;38;5;64m█[49;39m  [48;5;28;38;5;28m█[48;5;82;38;5;82m████[48;5;22;38;5;22m▄[49;39m  [38;5;28m▄[38;5;232m▄[39m    [00m
         [38;5;233m▀[48;5;231;38;5;248m▄[48;5;231;38;5;231m███[48;5;251;38;5;231m▄[49;38;5;233m▄[38;5;232m▀[48;5;188;38;5;238m▄[48;5;231;38;5;231m▄[38;5;231m██████[48;5;252;38;5;252m█[49;39m  [48;5;82;38;5;82m█[48;5;82;38;5;82m███[48;5;64;38;5;64m█[49;39m  [48;5;28;38;5;28m█[48;5;82;38;5;82m████[48;5;22;38;5;22m█[49;39m  [48;5;76;38;5;76m█[48;5;76;38;5;82m▄[48;5;234;38;5;40m▄[49;38;5;22m▄[39m  [00m
          [38;5;237m▀[48;5;231;38;5;252m▄[48;5;231;38;5;231m███[48;5;246;38;5;231m▄[49;38;5;237m▄[39m [48;5;251;38;5;250m▄[48;5;231;38;5;231m██████[48;5;252;38;5;252m█[49;39m  [48;5;82;38;5;82m█[48;5;82;38;5;82m███[48;5;64;38;5;64m█[49;39m  [48;5;28;38;5;28m█[48;5;82;38;5;82m████[48;5;22;38;5;22m█[49;39m  [48;5;76;38;5;76m█[48;5;82;38;5;82m██[48;5;82m▄[48;5;22;38;5;40m▄[49;38;5;232m▄[39m[00m
           [48;5;242;38;5;233m▄[48;5;231;38;5;255m▄[38;5;231m███[48;5;254m▄[48;5;233;38;5;251m▄[48;5;250;38;5;251m▄[48;5;231;38;5;231m██████[48;5;252;38;5;252m█[49;39m  [48;5;82;38;5;82m█[48;5;82;38;5;82m███[48;5;64;38;5;64m█[49;39m  [48;5;28;38;5;28m█[48;5;82;38;5;82m████[48;5;22;38;5;22m█[49;39m  [48;5;76;38;5;76m█[48;5;82;38;5;82m████[48;5;22;38;5;28m▄[49;39m[00m
            [48;5;246;38;5;236m▄[48;5;231;38;5;231m▄[38;5;231m████[48;5;231m▄[48;5;231m██████[48;5;252;38;5;252m█[49;39m  [48;5;82;38;5;82m█[48;5;82;38;5;82m███[48;5;64;38;5;64m█[49;39m  [48;5;28;38;5;28m█[48;5;82;38;5;82m████[48;5;22;38;5;22m█[49;39m  [48;5;76;38;5;76m█[48;5;82;38;5;82m████[48;5;28;38;5;64m▄[49;39m[00m
             [48;5;251;38;5;240m▄[48;5;231;38;5;231m███████████[48;5;252;38;5;252m█[49;39m  [48;5;82;38;5;82m█[48;5;82;38;5;82m███[48;5;64;38;5;64m█[49;39m  [48;5;28;38;5;28m█[48;5;82;38;5;82m████[48;5;22;38;5;22m█[49;39m  [48;5;76;38;5;76m█[48;5;82;38;5;82m███[48;5;82;38;5;28m▄[49;38;5;234m▀[39m[00m
             [38;5;232m▀[48;5;255;38;5;102m▄[48;5;231;38;5;231m██████████[48;5;252;38;5;252m█[49;39m  [48;5;82;38;5;82m█[48;5;82;38;5;82m███[48;5;64;38;5;64m█[49;39m  [48;5;28;38;5;28m█[48;5;82;38;5;82m████[48;5;22;38;5;22m█[49;39m  [48;5;76;38;5;76m█[48;5;82;38;5;82m█[38;5;70m▄[48;5;70;38;5;16m▄[49;38;5;16m▀[39m [00m
              [38;5;235m▀[48;5;231;38;5;249m▄[48;5;231;38;5;231m█████████[48;5;252;38;5;252m█[49;39m  [48;5;82;38;5;82m█[48;5;82;38;5;82m███[48;5;64;38;5;64m█[49;39m  [48;5;28;38;5;28m█[48;5;82;38;5;82m████[48;5;22;38;5;22m█[49;39m  [48;5;76;38;5;22m▄[49;38;5;28m▀[39m    [00m
          [38;5;239m▀[38;5;244m▀▀▀▀[38;5;247m▀[48;5;231;38;5;254m▄[38;5;231m████████[48;5;252;38;5;252m█[49;39m  [48;5;82;38;5;82m█[48;5;82;38;5;82m███[48;5;64;38;5;64m█[49;39m  [48;5;28;38;5;28m█[48;5;82;38;5;82m███[38;5;82m▄[48;5;22;38;5;233m▄[49;39m        [00m
           [38;5;234m▄[38;5;244m▄[38;5;246m▄[48;5;239;38;5;239m▄[48;5;246;38;5;232m▄[48;5;250;38;5;234m▄[48;5;231;38;5;231m▄[38;5;231m███████[48;5;252;38;5;252m█[49;39m  [48;5;82;38;5;82m█[48;5;82;38;5;82m███[48;5;64;38;5;64m█[49;39m  [48;5;28;38;5;28m█[48;5;82;38;5;82m██[38;5;83m▄[48;5;34;38;5;22m▄[49;39m         [00m
           [38;5;242m▀[38;5;234m▀[39m  [38;5;59m▄[48;5;59;38;5;242m▄[48;5;253;38;5;238m▄[48;5;231;38;5;231m▄[38;5;231m██████[48;5;252;38;5;252m█[49;39m  [48;5;82;38;5;82m█[48;5;82;38;5;82m███[48;5;64;38;5;64m█[49;39m  [48;5;28;38;5;28m█[48;5;82;38;5;83m▄[48;5;83;38;5;22m▄[49;38;5;22m▀[39m          [00m
             [38;5;240m▄[48;5;59;38;5;242m▄[49;38;5;242m▀[39m  [48;5;252;38;5;236m▄[48;5;231;38;5;255m▄[38;5;231m█████[48;5;252;38;5;252m█[49;39m  [48;5;82;38;5;82m█[48;5;82;38;5;82m███[48;5;64;38;5;64m▄[49;39m  [38;5;64m▀[38;5;22m▀[39m            [00m
             [38;5;233m▀[39m     [38;5;241m▀[48;5;231;38;5;246m▄[48;5;231;38;5;188m▄▄▄▄[48;5;252;38;5;145m▄[49;39m  [48;5;82;38;5;82m█[48;5;82;38;5;82m██[38;5;82m▄[48;5;22;38;5;233m▄[49;39m                [00m
                     [48;5;237;38;5;235m▄[48;5;240;38;5;255m▄[38;5;231m▄▄[48;5;238;38;5;252m▄[49;39m  [48;5;82;38;5;82m█[48;5;82;38;5;82m█[38;5;34m▄[48;5;28;38;5;232m▄[49;39m                 [00m
                      [38;5;240m▀[48;5;231;38;5;246m▄[48;5;231;38;5;231m▄[48;5;252;38;5;252m█[49;39m  [48;5;82;38;5;70m▄[48;5;70;38;5;232m▄[49;38;5;232m▀[39m                  [00m
                        [38;5;232m▀[38;5;232m▀[39m                       [00m
                                                 [00m
