
                                 [00m
                                 [00m
                                  [00m
                                  [00m
 [38;5;234m▄[38;5;188m▄[38;5;250m▄[39m   [38;5;245m▄[38;5;253m▄[38;5;238m▄[39m      [38;5;240m▄[38;5;253m▄▄[38;5;188m▄[38;5;250m▄[38;5;59m▄[39m         [38;5;242m▄[38;5;253m▄▄▄▄▄▄[39m[00m
  [48;5;252;38;5;243m▄[48;5;231;38;5;231m▄[48;5;235;38;5;242m▄[49;39m [38;5;237m▄[48;5;254;38;5;231m▄[48;5;255;38;5;248m▄[49;38;5;232m▀[38;5;102m▄[38;5;247m▄▄▄[38;5;247m▄[39m [48;5;241;38;5;241m█[48;5;231;38;5;231m█[48;5;251;38;5;243m▄[49;38;5;247m▀[48;5;254;38;5;240m▄[48;5;231;38;5;231m▄[48;5;240;38;5;245m▄[49;39m  [38;5;236m▄[38;5;247m▄[38;5;250m▄[38;5;247m▄[38;5;236m▄[39m [38;5;239m▀[38;5;245m▀[48;5;247;38;5;234m▄[48;5;231;38;5;231m█[48;5;254;38;5;251m▄[49;38;5;245m▀▀[39m[00m
  [38;5;235m▀[48;5;231;38;5;252m▄[48;5;250;38;5;231m▄[49;38;5;233m▄[48;5;102;38;5;252m▄[48;5;231;38;5;255m▄[48;5;240;38;5;232m▄[49;39m [38;5;248m▀[48;5;251;38;5;232m▄[48;5;253;38;5;251m▄[48;5;231;38;5;231m▄[48;5;253;38;5;237m▄[49;39m [48;5;241;38;5;241m█[48;5;231;38;5;231m█[48;5;248;38;5;231m▄[48;5;240;38;5;255m▄[48;5;248;38;5;231m▄[48;5;231;38;5;255m▄[48;5;238;38;5;238m▄[49;39m [48;5;236;38;5;246m▄[48;5;255;38;5;231m▄[48;5;255;38;5;240m▄[49;38;5;248m▀[48;5;255;38;5;238m▄[48;5;231;38;5;231m▄[48;5;236;38;5;248m▄[49;39m  [48;5;234;38;5;234m█[48;5;231;38;5;231m█[48;5;251;38;5;251m█[49;39m  [00m
   [48;5;243;38;5;235m▄[48;5;231;38;5;231m▄[48;5;241;38;5;254m▄[48;5;231;38;5;231m▄[48;5;248;38;5;240m▄[49;39m  [38;5;236m▄[48;5;244;38;5;231m▄[48;5;231;38;5;252m▄[48;5;245;38;5;232m▄[49;39m  [48;5;241;38;5;241m█[48;5;231;38;5;231m█[48;5;243;38;5;243m█[49;39m [48;5;233;38;5;232m▄[48;5;188;38;5;252m▄[48;5;255;38;5;231m▄[48;5;233;38;5;234m▄[48;5;250;38;5;246m▄[48;5;231;38;5;231m█[48;5;235;38;5;240m▄[49;39m [48;5;234;38;5;239m▄[48;5;231;38;5;231m█[48;5;251;38;5;248m▄[49;39m  [48;5;234;38;5;234m█[48;5;231;38;5;231m█[48;5;251;38;5;251m█[49;39m  [00m
    [48;5;252;38;5;239m▄[48;5;231;38;5;246m▄[48;5;255;38;5;242m▄[49;38;5;232m▀[39m  [48;5;251;38;5;102m▄[48;5;231;38;5;246m▄[48;5;254m▄[48;5;251m▄▄[48;5;237;38;5;233m▄[48;5;241;38;5;237m▄[48;5;231;38;5;246m▄[48;5;255m▄[48;5;253m▄[48;5;255;38;5;246m▄[48;5;231;38;5;240m▄[48;5;249;38;5;232m▄[49;39m [38;5;236m▀[48;5;255m▄[48;5;255;38;5;246m▄[48;5;145;38;5;250m▄[48;5;255;38;5;247m▄[48;5;231;38;5;236m▄[49;38;5;236m▀[39m  [48;5;234;38;5;233m▄[48;5;231;38;5;246m▄[48;5;251;38;5;243m▄[49;39m  [00m
                                     [00m
                                     [00m
                                     [00m
 [48;5;236;38;5;232m▄[48;5;88;38;5;131m▄[48;5;88;38;5;196m▄[38;5;196m▄▄▄[48;5;88m▄[48;5;244;38;5;203m▄[48;5;245;38;5;224m▄[48;5;102;38;5;231m▄[48;5;241;38;5;251m▄[38;5;247m▄▄▄▄▄[38;5;248m▄[48;5;242;38;5;254m▄[48;5;245;38;5;231m▄▄[38;5;231m▄[48;5;245;38;5;210m▄[48;5;95;38;5;196m▄[48;5;88;38;5;196m▄▄▄[38;5;196m▄[48;5;88;38;5;217m▄[48;5;244;38;5;231m▄[48;5;245;38;5;231m▄▄▄[38;5;255m▄[48;5;245;38;5;250m▄[48;5;241;38;5;247m▄[48;5;241;38;5;247m▄[48;5;237;38;5;248m▄[49;39m[00m
  [38;5;232m▀[48;5;131;38;5;232m▄[48;5;196;38;5;131m▄[48;5;196;38;5;196m▄[38;5;196m███[48;5;196m▄[48;5;224;38;5;196m▄[48;5;231;38;5;224m▄[48;5;252;38;5;231m▄[48;5;247;38;5;188m▄[38;5;247m▄[38;5;248m▄[48;5;248;38;5;255m▄[48;5;255;38;5;231m▄[48;5;231m█[38;5;255m▄[48;5;231;38;5;203m▄[48;5;203;38;5;196m▄[48;5;196m███[38;5;196m▄[48;5;196;38;5;217m▄[48;5;217;38;5;231m▄[48;5;231m███[38;5;255m▄[48;5;255;38;5;249m▄[48;5;250;38;5;247m▄[48;5;247;38;5;247m▄[48;5;247m█[38;5;248m▄[48;5;248;38;5;59m▄[49;39m[00m
    [38;5;16m▀[38;5;95m▀[48;5;196;38;5;95m▄[48;5;196;38;5;196m▄[38;5;196m███[48;5;196m▄[48;5;224;38;5;196m▄[48;5;231;38;5;217m▄[48;5;254;38;5;231m▄[48;5;255;38;5;231m▄[48;5;231m█[38;5;224m▄[48;5;255;38;5;203m▄[48;5;203;38;5;196m▄[48;5;196m███[38;5;196m▄[48;5;196;38;5;224m▄[48;5;224;38;5;231m▄[48;5;231m███[38;5;255m▄[48;5;255;38;5;145m▄[48;5;249;38;5;247m▄[48;5;247m██[38;5;248m▄[48;5;248;38;5;240m▄[49;38;5;240m▀[39m [00m
       [38;5;95m▀[48;5;196;38;5;237m▄[48;5;196;38;5;196m▄[38;5;196m███[48;5;196m▄[48;5;217;38;5;196m▄[48;5;231;38;5;203m▄[48;5;224;38;5;196m▄[48;5;203;38;5;196m▄[48;5;196m███[38;5;203m▄[48;5;196;38;5;224m▄[48;5;224;38;5;231m▄[48;5;231m███[38;5;254m▄[48;5;255;38;5;248m▄[48;5;248;38;5;247m▄[48;5;247m█[38;5;247m▄[38;5;248m▄[48;5;248;38;5;237m▄[49;38;5;238m▀[39m   [00m
         [38;5;237m▀[48;5;203;38;5;237m▄[48;5;196;38;5;203m▄[38;5;196m███████[38;5;203m▄[48;5;203;38;5;255m▄[48;5;255;38;5;231m▄[48;5;231m███[38;5;253m▄[48;5;254;38;5;248m▄[48;5;248;38;5;247m▄[48;5;247m█[38;5;247m▄[48;5;247;38;5;247m▄[48;5;247;38;5;235m▄[49;38;5;236m▀[39m     [00m
           [38;5;235m▀[48;5;203;38;5;235m▄[48;5;196;38;5;203m▄[38;5;196m███[38;5;210m▄[48;5;203;38;5;255m▄[48;5;255;38;5;231m▄[48;5;231m██[38;5;231m▄[48;5;231;38;5;252m▄[48;5;188;38;5;247m▄[48;5;247;38;5;247m▄[48;5;247m██[48;5;247;38;5;246m▄[48;5;247;38;5;233m▄[49;38;5;235m▀[39m       [00m
             [38;5;235m▀[48;5;203;38;5;234m▄[48;5;196;38;5;174m▄[48;5;210;38;5;231m▄[48;5;231;38;5;231m▄[48;5;231m██[38;5;231m▄[48;5;231;38;5;251m▄[48;5;252;38;5;247m▄[48;5;247m███[38;5;246m▄[48;5;246;38;5;232m▄[49;38;5;233m▀[39m         [00m
               [38;5;16m▀[38;5;246m▀[48;5;231;38;5;243m▄[38;5;255m▄[48;5;231;38;5;250m▄[48;5;251;38;5;247m▄[48;5;247;38;5;247m▄[48;5;247m█[38;5;247m▄[48;5;247;38;5;244m▄[48;5;244;38;5;16m▄[49;38;5;232m▀[39m           [00m
                  [48;5;243;38;5;16m▄[48;5;247;38;5;243m▄[48;5;247;38;5;248m▄[38;5;248m▄[48;5;248;38;5;59m▄[49;38;5;242m▀[39m              [00m
                    [38;5;235m▀[38;5;235m▀[39m                [00m
                                [00m
                                [00m
                                     
